points : A1
(1, 1, 1)
(1, 2, 1) 3
(2, 2, 1) 7
(1.5, 1.5, 3) 13 (1, 0, 0)

lines : A2
(3.3, 2.2, 3.3) (3.5,2.5,4.3) (0,1,0)
(3.3, 3.2, 4.3) (3.5,2.5,4.3) (0,1,0)
(5.3, 3.2, 4.3) (3.5,2.5,4.3) (0,1,0)

vectors : Av2
(3.3, 2.2, 3.3) (3.3,2.2,2.3) (0,1,0)
(3.3, 3.2, 4.3) (3.3,3.2,3.3) (0,1,0)
(5.3, 3.2, 4.3) (5.3,3.2,3.3) (0,1,0)

control_points : c1
(1.3, 1, 1)
(1.3, 2, 1) 3
(2.3, 2, 1) 7
(1.8, 1.5, 3) 13 (1, 0, 0)

triangles : A3
(3.3, 2.2, 3.3) (3.3,3.2,4.3) (5.3,3.2,4.3) (1,0,0)
(3.3, 5.2, 3.3) (3.3,3.2,4.3) (5.3,3.2,4.3) (.3,.7,0)
(3.3, 5.2, 3.3) (5.3,3.2,4.3) (7.3, 4.2, 2.3) (.1,.7,.7)
